8192
4100
6
6151
9
4106
8203
8204
8207
16
4114
4118
8217
4122
28
4125
4126
8223
2079
34
6178
6180
2042
6189
8238
8239
8240
4146
4155
2108
8253
2110
63
4156
6204
8255
71
2120
8270
80
2130
8274
6229
8281
8282
2138
4188
6238
6239
4195
8292
8295
107
6252
8301
8303
6256
8304
115
4213
4220
8317
4222
127
8320
128
6278
8328
8331
6284
4237
142
2195
2199
6296
2204
2205
4254
166
4264
2218
6315
2221
4270
176
4273
178
177
180
181
8373
8372
4280
4282
8378
188
190
4288
8385
193
4291
2244
4293
8395
4301
206
2255
8408
2266
8411
4316
228
8421
2281
4329
4331
237
2288
2290
6389
246
250
8191
6394
4347
8449
4353
8451
6406
2312
8458
2315
269
270
8462
273
2322
4373
280
8473
283
8475
285
4382
8479
4387
293
8488
4392
2345
6449
4404
6455
8504
8505
6458
2363
314
4417
8516
326
2376
8523
2380
2379
8531
340
2389
354
360
368
8566
8567
8571
8574
385
4481
4484
8581
389
4487
8583
2443
8588
2444
8590
2447
400
4496
8594
6544
8596
2453
6549
8599
4503
6550
4507
6557
8606
415
8611
4517
8615
4521
426
4523
2476
8621
2477
4527
432
434
4532
6580
2486
2488
8633
2491
444
2494
447
8639
6595
4550
8647
4552
457
6609
8657
4563
6611
2516
471
473
8667
8669
478
4576
8673
2531
6633
8682
495
497
8691
4598
6647
6648
504
507
510
8704
6658
8709
517
6666
523
525
6669
8719
4623
4625
6676
4637
8741
6693
553
2602
4655
8752
563
6708
8759
6712
2617
6714
6713
4667
4669
6718
4671
4672
8776
585
587
8786
6738
8788
8789
597
8790
6741
2648
4701
2653
608
8801
2657
2659
6753
613
8806
4710
4711
617
6761
2668
620
4718
2671
8819
4727
631
632
4730
6775
638
642
8837
4743
2697
4746
2700
6797
4750
4751
8848
6801
8853
2709
8855
8857
2713
2715
668
8861
2718
674
4771
6819
677
4774
8871
681
682
2732
2733
8880
4784
690
6836
4791
8887
697
2746
698
6844
2749
8894
695
8898
6853
6854
711
4809
4811
8907
4814
6863
718
2768
6866
4820
4821
8917
8919
726
4824
2774
731
8920
6869
6876
2783
2776
6881
738
740
4841
2793
8939
6890
4844
745
4842
8938
2801
4846
757
762
4859
764
4867
8965
2824
6921
6923
8976
788
790
6936
2841
794
8987
6940
6944
6945
6947
9000
4906
6954
4909
6958
9005
4915
9011
821
4918
4920
6971
4925
831
4927
6977
6978
835
9027
837
4934
6988
847
9042
6996
853
9050
859
7008
7009
2915
875
876
882
7027
886
9079
7032
4985
7035
4992
9092
4998
2950
7048
5001
2955
5005
912
5018
924
5028
5029
934
9128
939
940
7085
9134
945
7091
947
5048
7100
959
9152
3009
7105
9151
5058
3008
966
975
9167
7122
978
7125
982
9175
5083
5084
7135
9184
3042
5097
9197
9198
5106
9210
5116
5117
1020
5119
7174
9224
3081
5131
9227
7186
9234
9237
5142
3094
7190
1054
9247
9248
7202
3108
9255
5160
3113
5161
7211
5163
3122
3124
7221
9271
3133
3138
1090
3141
5190
5192
9289
3146
7243
5195
5197
7246
3147
1100
7249
7242
9294
7254
3161
7259
1117
3166
1121
5218
5221
3174
9318
1128
5226
1130
1134
9326
5232
3186
1141
7286
3191
5238
3192
1149
3201
1158
9350
3208
1161
3209
3211
3212
9355
1166
9358
5265
7315
5268
9366
3227
1180
1181
1187
3235
9380
9384
7337
1197
3245
3249
9393
5301
3257
3258
5307
9404
7359
5313
1219
7365
5318
5321
5324
7372
3276
3282
7378
7380
1239
9431
7384
7386
7387
9436
7388
3293
7393
7395
3301
9445
7397
1256
3302
7402
5351
1260
1261
9455
3312
9457
7413
9466
7419
3326
3327
1280
7425
1281
5379
5381
9477
1290
7435
5388
9484
9485
1295
7439
5394
9490
7444
3348
5400
7450
7457
9507
9509
3365
3370
9515
3371
5422
1327
1328
7477
1334
3383
1336
7482
5435
1340
7488
3393
3394
5440
9543
7498
7499
3403
5453
5457
1362
3411
7509
3417
7515
7519
3424
9569
5472
3427
3428
5480
7528
5483
7531
9579
1389
7535
3441
7537
9587
5493
9590
7543
1401
3450
7546
5503
3456
1413
5512
7563
9611
1422
9615
7566
9618
1426
5524
9622
1431
1433
9628
5534
5541
7596
9648
1456
7601
5554
5556
9655
1463
9658
9659
9660
7612
9662
5564
3520
7619
7620
1477
7622
7624
7629
9683
5588
3541
9685
9687
5593
9690
5596
5597
1502
3550
5598
7651
5604
9703
1514
9707
3563
7661
7659
1519
3568
5616
5618
3572
3573
9725
5632
5638
7689
1546
5641
1548
7697
3606
1559
3609
5659
7709
7713
7717
7723
9772
5677
3630
5680
1584
3635
1587
3637
3644
5692
3653
3654
9799
5714
3668
1621
9816
5721
3674
9819
5722
5723
7774
3679
5727
9827
9828
7783
7784
3687
3690
9837
3693
1645
5744
3706
1661
9854
3712
5762
1669
9862
9861
9864
1673
7818
9867
3724
1677
7821
7823
3727
1682
5782
9883
9885
7838
7839
1693
7842
1708
5813
5814
1723
5819
9916
9918
5823
9919
9923
9926
3783
9928
7878
9930
3786
1739
1744
7890
1747
1748
5845
1750
7895
7896
9943
5853
9950
9955
3812
9957
5863
9961
9963
9964
9965
9966
1774
9972
3830
3833
7929
9983
1796
7940
3844
3850
7948
9997
1806
3854
10000
7956
5909
7958
7959
5911
1815
3867
3869
3875
5928
5929
3883
1844
1846
7990
5942
5943
1853
7998
1859
5958
3911
5969
1874
1877
8021
5975
1881
3932
1894
5991
1898
8050
1913
6014
3968
6018
1922
1924
8070
1928
8075
3982
3983
6033
8084
3990
1943
8091
8093
8094
1953
6049
8100
4006
1961
4017
1970
8114
4023
1984
1986
8131
8133
8138
4044
1996
6095
6099
2004
8155
6109
8163
2024
6123
4075
8174
2032
2033
6129
2035
4086
4090
4093
2047
